0.703585462629
0.632790317487
0.261409955621
0.368121827869
0.165513314998
0.460982548343
0.378205327025
0.889596144403
0.88687763764
0.237956868804
0.683057038794
0.29202091938
0.294061199478
0.425642872689
0.436941119976
0.791438968767
0.602125912284
0.913584832771
0.589887643559
0.100341485205
0.882339713254
0.748689617523
0.416800592124
0.924935787853
0.922189459619
0.582538717171
0.85982291186
0.569089342564
0.197167568765
0.835256360201
0.866512208099
0.257272633519
0.99526869064
0.178777800599
0.561301648379
0.790161438094
0.935515773338
0.64331055848
0.0927370467025
0.982385185302
0.262934534609
0.288428993857
0.023978255662
0.996698891848
0.773556876492
0.654404441135
0.282799291782
0.657502150644
0.491915689946
0.22499627097
